1000
106 345
308 111
28 132
37 121
179 301
379 154
282 147
344 27
389 379
7 136
19 53
332 173
388 296
256 166
105 266
61 6
210 364
112 33
292 340
346 70
40 324
20 318
266 359
340 254
138 142
185 152
386 116
120 174
335 107
236 391
109 241
155 16
270 242
352 15
107 387
334 122
304 199
277 43
248 14
377 32
357 362
331 145
243 265
48 275
56 152
115 6
163 180
243 310
97 319
263 396
313 335
235 160
344 211
368 125
66 15
359 109
285 210
56 195
211 214
371 249
320 356
390 16
207 187
382 41
24 15
109 307
398 67
15 82
73 66
272 279
75 42
324 190
394 313
201 268
250 141
261 283
313 80
93 358
67 393
255 270
141 323
131 209
398 201
246 321
187 39
33 383
102 188
186 348
124 26
335 380
380 63
328 314
353 254
122 350
55 163
70 237
198 294
19 295
81 201
22 373
19 229
108 19
146 283
273 319
312 397
232 64
209 100
132 104
363 343
195 239
143 36
76 219
233 375
33 174
257 101
293 119
28 339
263 32
265 64
304 59
299 242
287 132
197 90
136 268
304 364
242 332
333 294
33 25
57 121
304 289
163 5
50 223
278 158
386 164
86 378
249 217
45 349
376 282
80 308
371 108
25 63
299 79
256 202
363 214
36 257
352 309
268 292
304 154
231 336
382 397
24 260
134 219
115 293
228 112
164 248
364 174
65 290
339 364
43 395
42 70
331 220
66 366
321 281
225 284
298 304
211 142
179 371
385 338
340 164
365 201
53 303
360 288
153 28
389 133
291 13
212 84
162 109
384 204
141 203
360 321
296 329
399 55
16 96
119 60
143 73
72 123
322 267
354 57
107 142
261 386
180 266
393 94
156 228
365 353
217 187
268 219
400 180
95 179
227 242
113 131
351 264
155 118
6 215
10 19
33 53
393 32
228 87
206 69
208 55
88 34
92 196
356 238
282 180
165 207
376 18
263 338
35 286
221 37
283 233
7 278
393 399
225 210
400 281
167 374
262 312
197 340
145 49
109 364
242 357
344 385
183 227
222 160
199 108
48 50
255 250
39 311
190 378
95 388
310 274
327 31
205 199
248 41
38 219
397 143
210 240
322 238
134 235
108 219
85 230
246 285
93 268
30 302
181 170
5 330
145 304
134 190
306 354
78 26
198 55
176 256
137 27
221 397
98 28
116 92
95 45
77 396
394 346
196 389
244 381
379 260
49 114
84 174
121 227
43 232
272 186
324 65
245 175
241 69
91 296
24 208
176 288
126 124
44 151
247 227
218 6
287 361
186 195
285 271
83 358
257 324
155 399
345 197
225 326
63 55
56 64
11 372
278 293
332 42
58 313
232 138
184 110
95 222
363 305
228 19
175 38
107 175
199 38
12 252
147 239
385 326
343 303
376 171
344 131
168 118
343 244
94 243
374 387
357 143
399 370
177 143
85 158
20 29
235 280
283 324
111 66
227 189
159 60
204 16
92 149
55 239
117 210
195 159
264 82
303 217
76 348
211 297
64 300
267 267
50 78
128 40
229 75
264 151
93 69
125 302
228 385
341 13
221 313
61 264
112 320
151 204
302 396
180 85
20 165
29 142
201 210
89 12
333 265
317 155
79 370
358 37
385 185
314 185
315 310
136 383
396 336
161 354
334 82
13 203
320 376
327 17
11 62
248 123
255 115
296 181
169 82
153 6
219 355
260 213
199 181
50 365
159 165
312 13
276 304
166 271
102 232
197 257
192 304
8 288
389 228
21 196
280 378
91 329
11 154
278 253
369 366
188 16
389 105
332 275
230 253
156 337
171 64
157 303
268 140
398 298
172 237
333 391
313 34
45 380
185 330
344 352
389 52
397 325
375 329
159 131
216 372
147 89
63 276
372 294
153 292
79 278
148 363
113 183
74 190
222 295
83 245
196 320
107 99
398 253
42 106
155 82
218 109
79 323
156 320
229 225
344 375
177 397
7 340
277 394
332 236
325 204
51 332
230 54
47 25
343 330
14 357
212 224
232 29
286 61
207 155
333 53
181 212
123 388
231 350
349 102
165 35
8 73
105 81
130 134
209 341
131 169
371 85
141 110
20 218
358 123
173 350
352 177
90 83
359 186
363 99
291 23
376 53
278 346
222 266
329 96
190 358
208 277
97 307
275 72
201 80
287 244
122 246
153 257
297 168
15 181
384 241
361 22
330 357
188 68
321 117
300 383
60 106
171 216
320 297
150 102
152 190
218 64
181 5
232 5
341 181
166 95
171 155
135 340
332 340
330 132
6 51
287 310
285 108
155 147
7 237
241 195
149 166
213 175
107 117
300 137
364 72
298 49
298 92
165 328
379 272
171 17
245 24
78 10
110 251
361 273
79 292
125 257
362 375
292 389
80 53
98 369
72 172
200 146
297 231
144 398
87 137
31 275
91 100
195 220
121 274
165 388
323 167
29 81
253 300
316 322
350 116
34 161
246 56
80 116
332 7
378 357
232 266
107 397
122 330
71 99
286 97
395 359
155 380
45 140
34 36
287 189
52 254
67 319
378 214
323 248
181 127
159 365
107 197
167 293
45 164
90 281
394 214
221 127
65 157
188 95
315 386
214 387
208 310
72 209
210 132
22 239
237 129
356 398
179 359
307 24
40 82
261 191
110 158
353 89
259 180
165 146
28 184
234 99
274 330
131 69
7 316
249 390
140 122
311 247
64 332
208 26
345 292
207 45
72 263
266 42
82 337
127 182
136 92
85 389
99 134
272 24
120 75
64 351
266 128
84 92
177 27
291 35
275 203
277 361
73 146
293 154
346 150
395 83
370 224
57 86
312 260
100 164
374 134
337 65
197 171
172 105
220 99
204 372
320 227
205 398
130 15
237 41
270 170
269 106
207 260
257 365
82 77
64 222
344 400
115 377
43 182
93 115
165 193
289 223
55 394
27 100
134 283
94 346
10 164
174 323
25 360
228 178
320 55
269 9
130 56
37 204
187 53
299 103
342 224
399 230
102 277
19 114
28 349
360 164
268 117
368 41
211 330
49 5
135 155
222 199
248 349
319 138
390 152
244 105
90 399
311 165
46 288
173 200
161 46
12 306
38 16
389 369
388 6
135 306
82 267
297 191
14 6
156 269
147 181
67 35
8 111
309 121
299 266
370 266
300 276
134 79
40 365
93 211
274 92
396 164
61 178
212 320
230 303
11 263
112 283
159 283
343 50
5 197
238 87
304 344
315 197
352 158
202 121
345 80
284 78
232 363
252 339
296 318
145 229
376 194
141 16
135 246
62 384
125 376
62 44
263 348
262 258
101 108
256 75
133 357
167 261
175 278
378 308
147 215
173 337
188 252
30 395
99 254
323 83
357 224
256 47
296 205
238 149
17 274
208 166
40 95
313 64
358 385
50 265
186 392
219 52
250 86
50 212
369 148
54 344
5 352
98 7
210 287
31 318
125 318
9 38
319 24
296 372
17 137
266 302
184 312
189 184
370 317
141 373
80 104
390 268
241 210
248 151
107 50
136 7
17 331
191 210
61 209
103 331
221 27
382 80
314 209
126 366
144 333
18 71
117 114
53 34
81 257
96 55
5 400
192 130
36 194
146 314
31 228
281 13
118 400
251 400
64 141
36 244
334 191
355 47
19 389
369 5
198 26
117 49
290 261
176 49
92 125
6 121
310 299
194 8
186 276
285 169
302 8
236 321
88 314
263 19
221 231
123 151
61 75
147 156
191 265
288 287
307 44
118 198
237 232
102 295
241 252
42 338
44 129
148 138
151 348
376 232
53 185
274 82
170 129
354 329
142 61
309 91
379 375
199 351
31 6
43 299
320 6
257 240
276 61
270 53
49 319
287 51
342 278
387 283
328 370
272 370
127 114
393 389
121 141
343 94
9 225
185 242
102 152
377 95
367 397
353 339
70 83
261 228
330 328
348 38
364 61
276 131
19 147
44 40
295 350
18 400
299 127
325 397
57 21
66 252
71 111
190 118
57 375
73 381
355 349
306 179
111 354
180 382
191 286
220 336
139 256
133 396
28 152
49 174
177 74
349 320
217 249
29 110
318 102
56 284
353 205
309 132
169 307
237 292
163 71
18 344
208 6
364 258
290 399
53 97
400 108
206 250
248 187
5 186
301 36
357 6
236 118
261 376
179 182
20 285
381 142
271 229
188 29
221 142
400 243
338 318
8 389
106 208
246 240
86 187
297 252
371 185
5 364
122 103
149 389
310 376
133 293
399 6
89 22
27 45
163 25
100 90
146 267
62 131
373 345
233 202
319 127
321 343
397 44
43 60
245 161
387 71
85 62
79 131
121 161
362 134
189 78
319 43
361 82
244 367
334 210
186 138
289 297
228 150
116 265
309 227
216 16
133 329
196 194
169 227
367 237
31 71
400 381
388 251
400 266
177 95
157 238
5 84
297 67
259 5
279 117
170 170
309 142
391 173
126 89
329 157
143 294
391 193
398 121
159 218
213 121
66 200
307 327
307 316
400 153
25 122
113 335
364 332
75 158
