100
293 141
14 31
150 136
364 298
143 113
182 62
325 313
330 97
299 13
30 184
168 58
309 350
200 209
341 334
313 119
238 207
250 234
221 390
353 194
289 105
297 81
149 232
376 88
311 276
91 323
69 250
371 361
209 172
179 151
115 94
252 336
179 113
103 133
297 382
221 196
64 360
29 49
58 330
315 139
262 375
371 234
337 189
16 117
323 113
193 184
58 86
278 220
189 363
343 96
354 173
274 20
143 293
59 191
232 365
312 95
341 293
83 309
386 388
174 72
265 61
282 55
33 235
133 369
390 16
379 134
299 48
307 132
14 229
209 337
123 130
40 212
10 350
117 257
12 381
303 35
217 45
13 217
52 375
32 258
75 28
88 274
13 181
371 36
383 166
80 376
117 179
242 119
170 146
116 146
386 223
148 83
107 112
266 102
275 246
128 267
14 191
252 113
360 96
223 139
232 349
