200
361 91
364 137
387 245
361 375
327 229
135 84
188 132
62 34
275 43
271 228
36 73
289 122
75 85
190 118
355 307
274 326
64 376
93 26
353 21
245 89
212 147
58 88
172 311
307 199
374 197
311 50
264 102
151 229
19 26
156 389
256 202
367 339
219 329
351 65
27 47
90 229
308 339
43 216
147 18
14 68
59 268
152 200
106 161
208 244
152 73
56 128
14 265
66 347
320 83
384 11
295 170
124 212
119 157
29 256
165 33
306 214
291 68
15 380
211 214
233 353
269 279
90 273
145 146
221 67
68 116
367 182
310 95
329 329
334 96
344 249
300 244
299 298
233 120
113 68
82 372
329 155
133 112
274 191
356 129
328 286
372 12
122 274
247 22
173 81
132 276
139 197
249 78
342 105
165 267
329 48
59 148
281 16
293 309
141 168
208 304
231 322
181 361
120 40
127 174
288 274
42 226
305 83
356 195
15 365
144 97
240 65
274 372
215 91
277 55
25 125
90 47
179 199
203 76
284 378
309 249
174 389
84 180
363 218
273 142
177 97
216 56
142 221
336 186
375 381
182 59
46 127
117 389
373 81
208 233
276 90
365 54
100 301
12 196
60 331
372 230
56 349
17 38
286 46
239 255
192 213
327 390
55 204
81 21
248 248
194 331
32 175
60 234
386 59
77 308
265 251
251 167
387 322
179 237
172 355
160 295
387 138
55 56
354 42
106 226
305 175
228 364
93 95
225 205
278 77
363 275
107 280
68 249
184 174
219 257
198 307
85 105
92 295
380 293
370 260
352 334
136 343
78 239
106 175
34 294
321 145
76 216
310 286
202 141
204 284
46 273
277 129
201 353
361 315
71 272
210 128
371 22
259 185
288 295
327 318
188 390
352 32
169 163
205 343
347 371
267 13
