300
34 206
32 23
359 338
311 211
324 363
307 138
379 327
19 88
133 302
41 247
330 329
213 337
72 278
84 268
169 283
306 193
90 329
198 50
268 119
243 202
83 151
330 71
142 203
242 173
59 174
103 254
120 165
142 186
35 293
70 331
95 142
261 276
182 139
377 26
167 262
123 237
202 255
41 45
37 82
209 122
319 312
277 62
107 294
345 160
235 41
292 105
307 76
226 293
92 166
353 242
80 229
322 111
257 341
183 75
72 111
163 86
235 109
236 71
141 129
158 57
195 375
333 278
142 287
354 191
381 285
284 247
305 289
229 315
351 65
26 196
126 157
308 275
196 112
251 138
372 383
34 102
154 378
275 145
264 168
374 108
387 379
173 218
295 133
273 311
312 390
266 264
331 126
384 305
110 28
16 255
382 262
51 365
352 268
256 29
176 161
81 73
49 141
284 305
387 225
32 380
131 133
390 137
20 361
251 62
327 212
320 183
162 178
202 320
329 345
361 11
19 11
120 321
112 241
55 111
360 34
100 363
26 314
155 328
237 191
192 163
133 100
85 60
90 47
77 181
19 63
123 27
359 260
169 70
348 380
97 186
172 126
33 354
272 157
56 157
382 61
136 69
103 216
106 170
216 112
124 184
354 78
233 124
113 218
326 382
231 207
140 269
346 131
320 91
190 32
298 278
185 286
375 10
380 100
176 344
169 19
191 173
108 159
233 272
270 177
64 251
65 41
37 59
222 263
311 351
307 182
137 381
342 192
233 16
215 93
52 328
220 131
83 375
332 295
247 293
157 138
13 272
260 360
137 172
320 45
241 250
325 320
375 37
344 204
158 36
180 91
313 37
374 71
334 26
180 260
107 125
309 124
14 151
356 281
198 290
210 182
317 163
158 103
165 332
104 100
340 44
154 121
294 243
357 225
345 322
115 144
213 316
88 294
62 347
82 127
209 104
210 353
205 38
299 163
253 245
371 297
275 297
192 226
215 236
279 212
298 232
328 255
143 228
83 104
239 382
267 49
229 60
43 355
342 343
147 297
129 332
77 383
288 33
53 264
155 207
376 212
318 28
176 197
71 128
26 132
331 145
73 85
156 74
369 191
60 85
343 249
238 262
60 320
285 370
137 326
104 197
264 250
253 234
42 183
291 85
250 157
388 338
352 108
358 129
169 97
64 263
221 171
186 322
269 22
49 222
307 12
192 85
172 316
228 327
193 364
82 114
20 286
268 196
245 20
284 348
120 308
247 338
303 308
195 15
103 13
85 349
248 83
117 268
338 230
263 85
90 238
63 310
78 27
382 161
301 61
148 30
136 145
349 20
345 332
50 125
187 336
24 75
183 378
98 87
33 341
36 370
